$ 1 0.000005 10.20027730826997 50 5 43 5e-11
r -624 928 -528 928 0 1000
r -624 1040 -528 1040 0 1000
w -528 928 -528 1040 0
w -528 1040 -384 1040 0
w -384 1040 -384 1072 0
r -384 1072 -384 1120 0 1000
w -384 1040 -320 1040 0
t -320 1040 -256 1040 0 1 0.5856590151709378 0.6649086588974663 100 default
r -256 896 -256 960 0 220
w -256 960 -176 960 0
r -176 960 -96 960 0 220
162 -96 960 0 960 2 default-led 1 0 0 0.01
w -256 960 -256 1024 0
w -208 1248 -208 1312 0
162 -48 1248 48 1248 2 default-led 1 0 0 0.01
r -128 1248 -48 1248 0 220
w -208 1248 -128 1248 0
r -208 1184 -208 1248 0 220
t -272 1328 -208 1328 0 1 -2.1180517005182624 0.03962496855410213 100 default
w -336 1328 -272 1328 0
r -336 1360 -336 1408 0 1000
w -336 1328 -336 1360 0
w -480 1328 -336 1328 0
w -480 1216 -480 1328 0
r -576 1328 -480 1328 0 1000
r -576 1216 -480 1216 0 1000
w -128 1248 -624 1040 0
w -176 960 -576 1216 0
s -752 1520 -624 1520 0 1 true
w -176 1552 -576 1808 0
w -128 1840 -624 1632 0
r -576 1808 -480 1808 0 1000
r -576 1920 -480 1920 0 1000
w -480 1808 -480 1920 0
w -480 1920 -336 1920 0
w -336 1920 -336 1952 0
r -336 1952 -336 2000 0 1000
w -336 1920 -272 1920 0
t -272 1920 -208 1920 0 1 -2.118051700518263 0.03962496855410225 100 default
r -208 1776 -208 1840 0 220
w -208 1840 -128 1840 0
r -128 1840 -48 1840 0 220
162 -48 1840 48 1840 2 default-led 1 0 0 0.01
w -208 1840 -208 1904 0
w -256 1552 -256 1616 0
162 -96 1552 0 1552 2 default-led 1 0 0 0.01
r -176 1552 -96 1552 0 220
w -256 1552 -176 1552 0
r -256 1504 -256 1552 0 220
t -320 1632 -256 1632 0 1 0.5856590151709374 0.6649086588974662 100 default
w -384 1632 -320 1632 0
r -384 1664 -384 1712 0 1000
w -384 1632 -384 1664 0
w -528 1632 -384 1632 0
w -528 1520 -528 1632 0
r -624 1632 -528 1632 0 1000
r -624 1520 -528 1520 0 1000
w 0 960 112 960 0
w 48 1248 112 1248 0
w 112 960 112 1248 0
w 112 1248 112 1552 0
w 0 1552 112 1552 0
w 112 1552 112 1840 0
w 48 1840 112 1840 0
w 112 1840 112 2080 0
w 112 2080 -208 2080 0
w -208 1936 -208 2080 0
w -256 1648 -256 2080 0
w -208 1344 -304 1344 0
w -304 1344 -304 2080 0
w -256 1056 -320 1056 0
w -320 1056 -320 2080 0
w -336 2000 -336 2080 0
w -384 1712 -384 2080 0
w -336 1408 -352 2080 0
w -208 2080 -256 2080 0
w -256 2080 -304 2080 0
w -304 2080 -320 2080 0
w -320 2080 -336 2080 0
w -336 2080 -352 2080 0
w -352 2080 -384 2080 0
w -384 1120 -400 2080 0
w -400 2080 -384 2080 0
w -416 2080 -1264 2080 0
w -1520 928 -1520 1856 0
t -1520 1856 -1408 1856 0 1 -2.7545847560012655 0.20578998427698453 100 default
w -1408 1872 -720 1872 0
w -720 1872 -720 1920 0
w -720 1920 -576 1920 0
w -416 2080 -400 2080 0
r -1600 928 -1520 928 0 1000
w -1520 928 -1328 928 0
w -1328 928 -1328 1104 0
w -1328 1104 -1216 1104 0
t -1216 1104 -1056 1104 0 1 -2.7545847560012655 0.20578998427698492 100 default
w -1056 1120 -1056 1328 0
w -1056 1328 -576 1328 0
s -752 928 -624 928 0 1 true
w -256 1504 -256 1424 0
w -208 1184 -208 1120 0
w -256 896 -256 832 0
w -208 1776 -208 1696 0
w -208 1696 -1952 1216 0
w -256 1424 -1952 1216 0
w -256 832 -1120 832 0
w -208 1120 -976 1088 0
w -1120 832 -1952 1216 0
w -976 1088 -976 880 0
w -976 880 -1952 1216 0
w -752 928 -736 848 0
w -736 848 -1952 1216 0
w -752 1520 -1952 1216 0
w -1056 1088 -1056 912 0
w -1056 912 -1952 1216 0
w -1408 1840 -1408 1664 0
w -1408 1664 -1952 1216 0
w -1728 928 -1952 1216 0
s -1728 928 -1600 928 0 1 true
v -1952 1536 -1952 1216 0 0 40 3 0 0 0.5
w -1952 1536 -1952 2080 0
w -1952 2080 -1264 2080 0
